3 4 1 1 2 2 2 2 1 1 0 0 0 0
4 4 2 3 3 1 2 2 1 2 1 3 3 1 0 0 0 0
6 4 3 4 2 3 2 3 1 1 3 4 4 2 1 2 4 1 0 0 0 0 0 0 0 0
7 4 5 3 2 1 1 1 4 5 2 5 4 4 5 2 2 3 1 4 3 3 0 0 0 0 0 0 0 0
8 4 5 6 4 2 5 1 2 6 4 2 1 4 5 2 3 6 4 5 1 3 6 3 3 1 0 0 0 0 0 0 0 0
9 4 2 3 7 1 4 7 4 5 2 6 1 7 3 2 7 2 3 6 4 5 3 6 1 1 5 6 4 5 0 0 0 0 0 0 0 0
10 4 6 6 1 3 8 7 8 5 4 1 5 5 3 7 2 2 8 3 1 4 8 1 7 2 4 7 4 6 3 2 5 6 0 0 0 0 0 0 0 0
11 4 3 2 8 2 5 1 6 9 4 7 5 7 3 4 9 4 2 3 6 4 1 2 7 6 5 3 5 7 1 8 8 9 1 8 9 6 0 0 0 0 0 0 0 0
12 4 9 9 1 10 5 6 6 8 4 7 2 5 6 7 7 3 4 8 3 2 5 8 9 3 5 3 10 1 6 1 1 4 9 2 10 10 7 2 4 8 0 0 0 0 0 0 0 0
13 4 1 10 3 9 10 11 5 11 5 4 11 4 5 5 6 7 1 11 7 2 2 4 10 9 3 1 1 8 6 8 2 6 6 8 4 9 2 3 7 10 8 3 9 7 0 0 0 0 0 0 0 0
14 4 6 3 9 9 11 10 7 5 3 6 6 9 8 7 2 4 12 2 12 4 1 8 4 10 6 3 2 11 9 7 11 10 1 5 4 1 2 8 5 5 1 11 12 12 3 10 7 8 0 0 0 0 0 0 0 0
